<<<<<<< Updated upstream
Data: [0.7847808003425598, 0.7847808003425598, 0.7847808003425598, 0.7847808003425598, 0.7847808003425598, 0.7847808003425598, 0.7847808003425598, 0.7847808003425598, 0.7847808003425598, 0.7847808003425598, 0.7847808003425598, 0.7847808003425598, 0.7847808003425598, 0.7881469130516052, 0.7965598106384277, 0.7999712824821472, 0.8031935691833496, 0.8048219084739685, 0.8049308657646179, 0.8064516186714172, 0.7899377942085266, 0.7724674344062805, 0.7558462023735046, 0.7357372045516968, 0.717729926109314, 0.6932368278503418, 0.6717659831047058, 0.6373881101608276, 0.5858328342437744, 0.5357100963592529, 0.4779585897922516, 0.4178846776485443, 0.37389737367630005, 0.3419128656387329, 0.32692188024520874, 0.3183571696281433, 0.31737107038497925, 0.31656965613365173, 0.31064143776893616, 0.3432043194770813, 0.38848990201950073, 0.4348360598087311, 0.47952190041542053, 0.5306169986724854, 0.58845454454422, 0.6444867849349976, 0.7100089192390442, 0.76088547706604, 0.7746201157569885, 0.7830302119255066, 0.7878096103668213, 0.7872840166091919, 0.7648667097091675, 0.7274744510650635, 0.6853820085525513, 0.6409469842910767, 0.5968540906906128, 0.5722296237945557, 0.5476037263870239, 0.5266188979148865, 0.538628876209259, 0.5460723638534546, 0.5684290528297424, 0.5983865857124329, 0.6347945928573608, 0.6740328073501587, 0.701607882976532, 0.726001501083374, 0.7466872930526733, 0.7638112306594849, 0.7863077521324158, 0.8074358701705933, 0.8213724493980408, 0.8462720513343811, 0.8710989952087402, 0.8844495415687561, 0.8929305672645569, 0.8838590383529663, 0.8746683597564697, 0.8621575236320496, 0.8518367409706116, 0.8246062397956848, 0.7508297562599182, 0.6340622305870056, 0.5209229588508606, 0.38608318567276, 0.25039178133010864, 0.12021245062351227, 0.02932882308959961, -0.02399645373225212, -0.059697024524211884, -0.07906727492809296, -0.0796397253870964, -0.061982106417417526, -0.027725081890821457, 0.01616663672029972, 0.035075556486845016, 0.07083967328071594, 0.10809657722711563, 0.14054958522319794, 0.18439291417598724, 0.22999688982963562, 0.28272920846939087, 0.3611913323402405, 0.4362230896949768, 0.5116374492645264, 0.5936119556427002, 0.6677612066268921, 0.7491336464881897, 0.827653706073761, 0.8818710446357727, 0.9204959273338318, 0.9551419019699097, 0.9830238223075867, 1.0025866031646729, 1.0124603509902954, 1.016615629196167, 1.0035607814788818, 0.987138032913208, 0.9713744521141052, 0.9504461288452148, 0.925640344619751, 0.8908783793449402, 0.8574334979057312, 0.8161890506744385, 0.7763708233833313, 0.7474673986434937, 0.7234863638877869, 0.703237771987915, 0.699817955493927, 0.6918248534202576, 0.6596301198005676, 0.6179172992706299, 0.576741635799408, 0.5378303527832031, 0.48813575506210327, 0.4728526175022125, 0.4666340947151184, 0.47244784235954285, 0.4854739010334015, 0.5141974687576294, 0.5490480661392212, 0.601076066493988, 0.6608685255050659, 0.7271730303764343, 0.7932925224304199, 0.855337917804718, 0.9084204435348511, 0.9557479619979858, 0.9940848350524902, 1.027144432067871, 1.0539768934249878, 1.065860390663147, 1.0679761171340942, 1.0608147382736206, 1.0397998094558716, 1.0025497674942017, 0.958681583404541, 0.9146285653114319, 0.8854516744613647, 0.8577587604522705, 0.8383801579475403, 0.8208972811698914, 0.8037638068199158, 0.7929325103759766, 0.7869786620140076, 0.7802693843841553, 0.7757151126861572, 0.7762975692749023, 0.7808091640472412, 0.7747494578361511, 0.7693135738372803, 0.766835629940033, 0.7686484456062317, 0.7708392143249512, 0.776013970375061, 0.7826602458953857, 0.7891530990600586, 0.7990049719810486, 0.8006527423858643]
Forecast: [0.8143584728240967, 0.8215814232826233, 0.8303645849227905, 0.841415524482727, 0.8535383343696594, 0.8642528057098389, 0.8734939098358154, 0.8810697197914124, 0.885012149810791, 0.8859758377075195, 0.8848451375961304, 0.8820024728775024]
95% Confidence: [0.00033096096012741327, 0.0003876820264849812, 0.0007495224708691239, 0.0011625029146671295, 0.001591682666912675, 0.0020429997239261866, 0.002514991443604231, 0.003044750541448593, 0.0033098142594099045, 0.0036214985884726048, 0.0038780495524406433, 0.004199441988021135]
Variance: [2.135845306838746e-06, 2.9306750093383016e-06, 1.095432435249677e-05, 2.635144119267352e-05, 4.9400270654587075e-05, 8.138661360135302e-05, 0.00012333584891166538, 0.00018076723790727556, 0.00021361098333727568, 0.0002557366096880287, 0.0002932533679995686, 0.0003438740677665919]
=======
Data: [0.7847808003425598, 0.7847808003425598, 0.7847808003425598, 0.7847808003425598, 0.7847808003425598, 0.7847808003425598, 0.7847808003425598, 0.7847808003425598, 0.7847808003425598, 0.7847808003425598, 0.7847808003425598, 0.7847808003425598, 0.7847808003425598, 0.7881469130516052, 0.7965598106384277, 0.7999712824821472, 0.8031935691833496, 0.8048219084739685, 0.8049308657646179, 0.8064516186714172, 0.7899377942085266, 0.7724674344062805, 0.7558462023735046, 0.7357372045516968, 0.717729926109314, 0.6932368278503418, 0.6717659831047058, 0.6373881101608276, 0.5858328342437744, 0.5357100963592529, 0.4779585897922516, 0.4178846776485443, 0.37389737367630005, 0.3419128656387329, 0.32692188024520874, 0.3183571696281433, 0.31737107038497925, 0.31656965613365173, 0.31064143776893616, 0.3432043194770813, 0.38848990201950073, 0.4348360598087311, 0.47952190041542053, 0.5306169986724854, 0.58845454454422, 0.6444867849349976, 0.7100089192390442, 0.76088547706604, 0.7746201157569885, 0.7830302119255066, 0.7878096103668213, 0.7872840166091919, 0.7648667097091675, 0.7274744510650635, 0.6853820085525513, 0.6409469842910767, 0.5968540906906128, 0.5722296237945557, 0.5476037263870239, 0.5266188979148865, 0.538628876209259, 0.5460723638534546, 0.5684290528297424, 0.5983865857124329, 0.6347945928573608, 0.6740328073501587, 0.701607882976532, 0.726001501083374, 0.7466872930526733, 0.7638112306594849, 0.7863077521324158, 0.8074358701705933, 0.8213724493980408, 0.8462720513343811, 0.8710989952087402, 0.8844495415687561, 0.8929305672645569, 0.8838590383529663, 0.8746683597564697, 0.8621575236320496, 0.8518367409706116, 0.8246062397956848, 0.7508297562599182, 0.6340622305870056, 0.5209229588508606, 0.38608318567276, 0.25039178133010864, 0.12021245062351227, 0.02932882308959961, -0.02399645373225212, -0.059697024524211884, -0.07906727492809296, -0.0796397253870964, -0.061982106417417526, -0.027725081890821457, 0.01616663672029972, 0.035075556486845016, 0.07083967328071594, 0.10809657722711563, 0.14054958522319794, 0.18439291417598724, 0.22999688982963562, 0.28272920846939087, 0.3611913323402405, 0.4362230896949768, 0.5116374492645264, 0.5936119556427002, 0.6677612066268921, 0.7491336464881897, 0.827653706073761, 0.8818710446357727, 0.9204959273338318, 0.9551419019699097, 0.9830238223075867, 1.0025866031646729, 1.0124603509902954, 1.016615629196167, 1.0035607814788818, 0.987138032913208, 0.9713744521141052, 0.9504461288452148, 0.925640344619751, 0.8908783793449402, 0.8574334979057312, 0.8161890506744385, 0.7763708233833313, 0.7474673986434937, 0.7234863638877869, 0.703237771987915, 0.699817955493927, 0.6918248534202576, 0.6596301198005676, 0.6179172992706299, 0.576741635799408, 0.5378303527832031, 0.48813575506210327, 0.4728526175022125, 0.4666340947151184, 0.47244784235954285, 0.4854739010334015, 0.5141974687576294, 0.5490480661392212, 0.601076066493988, 0.6608685255050659, 0.7271730303764343, 0.7932925224304199, 0.855337917804718, 0.9084204435348511, 0.9557479619979858, 0.9940848350524902, 1.027144432067871, 1.0539768934249878, 1.065860390663147, 1.0679761171340942, 1.0608147382736206, 1.0397998094558716, 1.0025497674942017, 0.958681583404541, 0.9146285653114319, 0.8854516744613647, 0.8577587604522705, 0.8383801579475403, 0.8208972811698914, 0.8037638068199158, 0.7929325103759766, 0.7869786620140076, 0.7802693843841553, 0.7757151126861572, 0.7762975692749023, 0.7808091640472412, 0.7747494578361511, 0.7693135738372803, 0.766835629940033, 0.7686484456062317, 0.7708392143249512, 0.776013970375061, 0.7826602458953857, 0.7891530990600586, 0.7990049719810486, 0.8006527423858643]
Forecast: [0.8045483231544495, 0.8055598139762878, 0.8071274161338806, 0.8089612126350403, 0.8112320303916931, 0.8145434260368347, 0.8168229460716248, 0.8189710378646851, 0.8195244073867798, 0.8189665675163269, 0.8171073198318481, 0.8147700428962708]
95% Confidence: [0.0014406709233298898, 0.0026755761355161667, 0.003874011803418398, 0.005673110019415617, 0.006790722254663706, 0.0079061733558774, 0.008620494045317173, 0.0089827636256814, 0.009173044934868813, 0.008943529799580574, 0.008393335156142712, 0.0076233684085309505]
Variance: [5.058897727394651e-07, 1.7448612652515294e-06, 3.6580379401129903e-06, 7.844561878300738e-06, 1.1239790183026344e-05, 1.5235578757710755e-05, 1.8113010810338892e-05, 1.9667368178488687e-05, 2.0509416572167538e-05, 1.9495937522151507e-05, 1.717099075904116e-05, 1.4165115317155141e-05]
>>>>>>> Stashed changes
