<<<<<<< Updated upstream
Data: [-0.001372427912428975, -0.001372427912428975, -0.001372427912428975, -0.002308452967554331, 0.00022140999499242753, -0.0026908311992883682, -0.003889842890202999, -0.005742698907852173, -0.009457548148930073, -0.010384640656411648, -0.01052065659314394, -0.00888211652636528, -0.007720145862549543, -0.008280213922262192, -0.0050330082885921, 0.0027577290311455727, 0.0031588322017341852, 0.0017170470673590899, 0.001924696029163897, 0.0019935760647058487, 0.0018985079368576407, 0.0013357519637793303, 0.0027481268625706434, 0.005885030142962933, 0.010655936785042286, 0.01964523084461689, 0.02639445662498474, 0.029525989666581154, 0.03366465866565704, 0.03777923807501793, 0.03202967718243599, 0.03286749869585037, 0.027705950662493706, 0.02599067986011505, 0.020315321162343025, 0.018664957955479622, 0.01926545612514019, 0.016317714005708694, 0.01042607519775629, 0.00668520200997591, 0.0033737539779394865, -0.0009767180308699608, -0.0037708489689975977, -0.0055062840692698956, -0.007389578968286514, -0.0037316109519451857, -0.003420280059799552, 0.005656898953020573, 0.009807569906115532, 0.009516528807580471, 0.01009537372738123, 0.012081857770681381, 0.011073645204305649, 0.011765639297664165, 0.014342563226819038, 0.013193023391067982, 0.012163236737251282, 0.007730722893029451, 0.005690152291208506, 0.006516993045806885, 0.0043807378970086575, -0.001091034966520965, -0.006550015415996313, -0.0108182393014431, -0.016182104125618935, -0.018811382353305817, -0.02411589026451111, -0.02672566846013069, -0.030243678018450737, -0.029005665332078934, -0.025318583473563194, -0.01837981306016445, -0.005555017851293087, -0.0025494007859379053, -0.000686628045514226, 0.0024183569476008415, 0.0017492959741503, 0.00630947295576334, 0.00667475676164031, 0.0097467927262187, 0.007987074553966522, 0.009347043931484222, 0.012153888121247292, 0.01236211322247982, 0.012092897668480873, 0.009000048041343689, 0.0044737630523741245, 0.0005848639993928373, 0.0006960079772397876, 0.0019599739462137222, 0.0014145319582894444, 0.0022223929408937693, 0.0012034380342811346, 0.0016096839681267738, 0.002089030109345913, 0.0024199390318244696, 0.0011741650523617864, -0.0035515481140464544, -0.0027088311035186052, -0.0021632788702845573, -0.0018480370054021478, -0.004044756758958101, -0.006409156136214733, -0.006475565955042839, -0.008895630948245525, -0.007501251995563507, -0.006379706785082817, -0.004970557987689972, -0.0037398231215775013, -0.0026968750171363354, -0.0009795569349080324, -0.003240971127524972, -0.001941549009643495, -0.0020769289694726467, -0.001224806997925043, -0.0017069580499082804, -0.0020906769204884768, -0.0021876550745218992, -0.002454943023622036, -0.003164971014484763, -0.003620806848630309, -0.0036476210225373507, -0.0012898379936814308, 0.0032450060825794935, 0.004746629856526852, 0.0054816207848489285, 0.0071821208111941814, 0.0076595512218773365, 0.00741432374343276, 0.007724202238023281, 0.010808811523020267, 0.011675986461341381, 0.010863466188311577, 0.011567085050046444, 0.01117254700511694, 0.013843515887856483, 0.021207565441727638, 0.02359653078019619, 0.02782612480223179, 0.029860660433769226, 0.027227288112044334, 0.032638825476169586, 0.034085649996995926, 0.02803616411983967, 0.01773088611662388, 0.008274545893073082, 0.005554131232202053, 0.002467761980369687, -0.001835655071772635, -0.001556837116368115, -0.00040999401244334877, -0.002506352961063385, -0.0005147960036993027, 0.001188631053082645, 0.0022015338763594627, 0.0021245318930596113, -0.002760348143056035, -0.001832618028856814, 0.0001162389962701127, 0.0002257960004499182, 0.0034256288781762123, 0.005931795109063387, 0.007707351818680763, 0.007914834655821323, -0.0019353700336068869, -0.005872005596756935, -0.0014691570540890098, 0.0019374160328879952, 0.0007534569595009089, 0.003930907696485519, 0.00040705999708734453, -0.0023045639973133802, -0.0070631480775773525, -0.007429738063365221, -0.008255080319941044, -0.006358862854540348, -0.005318728741258383, -0.004542645998299122, -0.0010348670184612274, 0.0030989418737590313]
Forecast: [0.005495790392160416, 0.009266875684261322, 0.013868569396436214, 0.02075790986418724, 0.028240028768777847, 0.03686761483550072, 0.045003149658441544, 0.05323069542646408, 0.06021714583039284, 0.0660267174243927, 0.07045108824968338, 0.07336097955703735]
95% Confidence: [6.017981650074944e-05, 0.0001411381090292707, 0.00025201213429681957, 0.00043354331864975393, 0.0005979108391329646, 0.0008784274687059224, 0.0011236699065193534, 0.0014880403177812696, 0.0016859602183103561, 0.0020079389214515686, 0.002277154242619872, 0.0025070621632039547]
Variance: [1.9963024442404276e-06, 1.0980274964822456e-05, 3.500802267808467e-05, 0.00010360711894463748, 0.0001970595185412094, 0.0004253402876202017, 0.0006959885358810425, 0.0012205459643155336, 0.0015668206615373492, 0.0022224171552807093, 0.0028583118692040443, 0.0034646138083189726]
=======
Data: [-0.001372427912428975, -0.001372427912428975, -0.001372427912428975, -0.002308452967554331, 0.00022140999499242753, -0.0026908311992883682, -0.003889842890202999, -0.005742698907852173, -0.009457548148930073, -0.010384640656411648, -0.01052065659314394, -0.00888211652636528, -0.007720145862549543, -0.008280213922262192, -0.0050330082885921, 0.0027577290311455727, 0.0031588322017341852, 0.0017170470673590899, 0.001924696029163897, 0.0019935760647058487, 0.0018985079368576407, 0.0013357519637793303, 0.0027481268625706434, 0.005885030142962933, 0.010655936785042286, 0.01964523084461689, 0.02639445662498474, 0.029525989666581154, 0.03366465866565704, 0.03777923807501793, 0.03202967718243599, 0.03286749869585037, 0.027705950662493706, 0.02599067986011505, 0.020315321162343025, 0.018664957955479622, 0.01926545612514019, 0.016317714005708694, 0.01042607519775629, 0.00668520200997591, 0.0033737539779394865, -0.0009767180308699608, -0.0037708489689975977, -0.0055062840692698956, -0.007389578968286514, -0.0037316109519451857, -0.003420280059799552, 0.005656898953020573, 0.009807569906115532, 0.009516528807580471, 0.01009537372738123, 0.012081857770681381, 0.011073645204305649, 0.011765639297664165, 0.014342563226819038, 0.013193023391067982, 0.012163236737251282, 0.007730722893029451, 0.005690152291208506, 0.006516993045806885, 0.0043807378970086575, -0.001091034966520965, -0.006550015415996313, -0.0108182393014431, -0.016182104125618935, -0.018811382353305817, -0.02411589026451111, -0.02672566846013069, -0.030243678018450737, -0.029005665332078934, -0.025318583473563194, -0.01837981306016445, -0.005555017851293087, -0.0025494007859379053, -0.000686628045514226, 0.0024183569476008415, 0.0017492959741503, 0.00630947295576334, 0.00667475676164031, 0.0097467927262187, 0.007987074553966522, 0.009347043931484222, 0.012153888121247292, 0.01236211322247982, 0.012092897668480873, 0.009000048041343689, 0.0044737630523741245, 0.0005848639993928373, 0.0006960079772397876, 0.0019599739462137222, 0.0014145319582894444, 0.0022223929408937693, 0.0012034380342811346, 0.0016096839681267738, 0.002089030109345913, 0.0024199390318244696, 0.0011741650523617864, -0.0035515481140464544, -0.0027088311035186052, -0.0021632788702845573, -0.0018480370054021478, -0.004044756758958101, -0.006409156136214733, -0.006475565955042839, -0.008895630948245525, -0.007501251995563507, -0.006379706785082817, -0.004970557987689972, -0.0037398231215775013, -0.0026968750171363354, -0.0009795569349080324, -0.003240971127524972, -0.001941549009643495, -0.0020769289694726467, -0.001224806997925043, -0.0017069580499082804, -0.0020906769204884768, -0.0021876550745218992, -0.002454943023622036, -0.003164971014484763, -0.003620806848630309, -0.0036476210225373507, -0.0012898379936814308, 0.0032450060825794935, 0.004746629856526852, 0.0054816207848489285, 0.0071821208111941814, 0.0076595512218773365, 0.00741432374343276, 0.007724202238023281, 0.010808811523020267, 0.011675986461341381, 0.010863466188311577, 0.011567085050046444, 0.01117254700511694, 0.013843515887856483, 0.021207565441727638, 0.02359653078019619, 0.02782612480223179, 0.029860660433769226, 0.027227288112044334, 0.032638825476169586, 0.034085649996995926, 0.02803616411983967, 0.01773088611662388, 0.008274545893073082, 0.005554131232202053, 0.002467761980369687, -0.001835655071772635, -0.001556837116368115, -0.00040999401244334877, -0.002506352961063385, -0.0005147960036993027, 0.001188631053082645, 0.0022015338763594627, 0.0021245318930596113, -0.002760348143056035, -0.001832618028856814, 0.0001162389962701127, 0.0002257960004499182, 0.0034256288781762123, 0.005931795109063387, 0.007707351818680763, 0.007914834655821323, -0.0019353700336068869, -0.005872005596756935, -0.0014691570540890098, 0.0019374160328879952, 0.0007534569595009089, 0.003930907696485519, 0.00040705999708734453, -0.0023045639973133802, -0.0070631480775773525, -0.007429738063365221, -0.008255080319941044, -0.006358862854540348, -0.005318728741258383, -0.004542645998299122, -0.0010348670184612274, 0.0030989418737590313]
Forecast: [0.006918665952980518, 0.01297351997345686, 0.019595028832554817, 0.0280881579965353, 0.036574721336364746, 0.0454961359500885, 0.053540244698524475, 0.06043164059519768, 0.06611318141222, 0.06940323859453201, 0.07078932225704193, 0.07006476074457169]
95% Confidence: [0.000543285277672112, 0.0007080385694280267, 0.0013788982760161161, 0.00208761403337121, 0.0027372618205845356, 0.0037014023400843143, 0.0046502589248120785, 0.005731823388487101, 0.006813904736191034, 0.007998550310730934, 0.009566455148160458, 0.01156645081937313]
Variance: [2.0337167825346114e-06, 3.4542085813882295e-06, 1.3100838259560987e-05, 3.0028591936570592e-05, 5.162586603546515e-05, 9.43989580264315e-05, 0.00014900090172886848, 0.0002263706992380321, 0.00031990924617275596, 0.00044081584201194346, 0.0006305749411694705, 0.0009217961924150586]
>>>>>>> Stashed changes
