<<<<<<< Updated upstream
Data: [0.00658826669678092, 0.00658826669678092, 0.00594671256840229, 0.009792332537472248, 0.005954396910965443, 0.003699435153976083, 0.001598068978637457, -0.004151621833443642, -0.01056084968149662, -0.013699314557015896, -0.014623166993260384, -0.016207825392484665, -0.017168816179037094, -0.01221063919365406, -0.0053146700374782085, -0.005302867386490107, -0.008884388022124767, -0.010390983894467354, -0.009346839971840382, -0.00750326830893755, -0.0047900681383907795, -0.0016129310242831707, 0.001971889054402709, 0.008899794891476631, 0.019309382885694504, 0.026252368465065956, 0.029139338061213493, 0.034522008150815964, 0.03865645080804825, 0.032363973557949066, 0.032697390764951706, 0.027934489771723747, 0.02674255520105362, 0.02261258289217949, 0.020016435533761978, 0.020443063229322433, 0.016187742352485657, 0.009864835999906063, 0.006225476041436195, 0.003416837891563773, -0.0005038190283812582, -0.003490566974505782, -0.004929836839437485, -0.00815208163112402, -0.006737845484167337, -0.008511828258633614, -0.002011951059103012, -0.0012661979999393225, -0.004901757929474115, -0.0063944426365196705, -0.007116780150681734, -0.006688551511615515, -0.0039570508524775505, -0.0009154430008493364, -0.002818149048835039, -0.004439858254045248, -0.008237197063863277, -0.007318864110857248, -0.006395268253982067, -0.0077105360105633736, -0.013898114673793316, -0.016389990225434303, -0.0157772284001112, -0.01651301421225071, -0.017978891730308533, -0.021734673529863358, -0.023710669949650764, -0.024723153561353683, -0.023344537243247032, -0.02024873159825802, -0.015950404107570648, -0.00527816591784358, -0.002550779841840267, 0.0008118650293909013, 0.004318941850215197, 0.00455356203019619, 0.009653669781982899, 0.011675161309540272, 0.01674181967973709, 0.01640726625919342, 0.01900210604071617, 0.019261285662651062, 0.01849442906677723, 0.01774761639535427, 0.016783814877271652, 0.012492585927248001, 0.007561808917671442, 0.006807164754718542, 0.003419819986447692, -0.0006087490473873913, -0.0015177540481090546, -0.004662626888602972, -0.005595892667770386, -0.006742754019796848, -0.008459284901618958, -0.010111618787050247, -0.01283123716711998, -0.011406409554183483, -0.010523648001253605, -0.009465702809393406, -0.011848608031868935, -0.012638288550078869, -0.011163805611431599, -0.014625588431954384, -0.012501763179898262, -0.009741249494254589, -0.007040950004011393, -0.004019963089376688, -0.0012055500410497189, -8.920000254875049e-05, -0.006408492103219032, -0.007438435219228268, -0.006950769107788801, -0.0027789592277258635, -0.0015796300722286105, 0.0006433750386349857, 0.0020046241115778685, 0.003039063885807991, 0.004754429217427969, 0.007306904066354036, 0.00819137878715992, 0.010028224438428879, 0.012705539353191853, 0.014238416217267513, 0.015737194567918777, 0.016126854345202446, 0.01376590970903635, 0.011712794192135334, 0.01052036602050066, 0.011493530124425888, 0.009934094734489918, 0.006883458700031042, 0.007260362152010202, 0.006087820045650005, 0.006718917284160852, 0.01260770671069622, 0.011904860846698284, 0.015469915233552456, 0.014628015458583832, 0.012576245702803135, 0.015162697061896324, 0.01529785431921482, 0.012819170020520687, 0.006859064567834139, 0.00213770498521626, 0.0012849420309066772, -6.38999990769662e-05, -0.0007865149527788162, 0.0010326789924874902, 0.004075764212757349, 0.0046453289687633514, 0.005873393267393112, 0.006316790822893381, 0.005585891660302877, 0.007699200883507729, 0.004263170994818211, 0.0046916562132537365, 0.005442059598863125, 0.005407592281699181, 0.006441308651119471, 0.008403614163398743, 0.007508985232561827, 0.007095524109899998, -0.0026530050672590733, -0.006361830048263073, -0.004150513093918562, -0.0040583829395473, -0.007196588907390833, -0.005774422083050013, -0.008645452558994293, -0.00964231789112091, -0.011774926446378231, -0.009394431486725807, -0.007292841095477343, -0.003714241087436676, -0.0021032460499554873, 4.1087110730586573e-05, 0.003430522046983242, 0.0072410800494253635, 0.010610168799757957]
Forecast: [0.015289746224880219, 0.020824577659368515, 0.026437558233737946, 0.032062921673059464, 0.03780526667833328, 0.042185306549072266, 0.0455157607793808, 0.04716464504599571, 0.04752171039581299, 0.047098882496356964, 0.04578860104084015, 0.044049762189388275]
95% Confidence: [0.0001147090079030022, 0.0001547081774333492, 0.00025631062453612685, 0.00037396533298306167, 0.0005324959638528526, 0.0007089453865773976, 0.0008712420822121203, 0.0010206939186900854, 0.0011308869579806924, 0.0012166427914053202, 0.0012857888359576464, 0.001409420045092702]
Variance: [7.088444363034796e-06, 1.2893843631900381e-05, 3.539069075486623e-05, 7.533877214882523e-05, 0.0001527525600977242, 0.00027075811522081494, 0.00040891548269428313, 0.0005612376844510436, 0.0006889606011100113, 0.0007974106119945645, 0.0008906256407499313, 0.0010701302671805024]
=======
Data: [0.00658826669678092, 0.00658826669678092, 0.00594671256840229, 0.009792332537472248, 0.005954396910965443, 0.003699435153976083, 0.001598068978637457, -0.004151621833443642, -0.01056084968149662, -0.013699314557015896, -0.014623166993260384, -0.016207825392484665, -0.017168816179037094, -0.01221063919365406, -0.0053146700374782085, -0.005302867386490107, -0.008884388022124767, -0.010390983894467354, -0.009346839971840382, -0.00750326830893755, -0.0047900681383907795, -0.0016129310242831707, 0.001971889054402709, 0.008899794891476631, 0.019309382885694504, 0.026252368465065956, 0.029139338061213493, 0.034522008150815964, 0.03865645080804825, 0.032363973557949066, 0.032697390764951706, 0.027934489771723747, 0.02674255520105362, 0.02261258289217949, 0.020016435533761978, 0.020443063229322433, 0.016187742352485657, 0.009864835999906063, 0.006225476041436195, 0.003416837891563773, -0.0005038190283812582, -0.003490566974505782, -0.004929836839437485, -0.00815208163112402, -0.006737845484167337, -0.008511828258633614, -0.002011951059103012, -0.0012661979999393225, -0.004901757929474115, -0.0063944426365196705, -0.007116780150681734, -0.006688551511615515, -0.0039570508524775505, -0.0009154430008493364, -0.002818149048835039, -0.004439858254045248, -0.008237197063863277, -0.007318864110857248, -0.006395268253982067, -0.0077105360105633736, -0.013898114673793316, -0.016389990225434303, -0.0157772284001112, -0.01651301421225071, -0.017978891730308533, -0.021734673529863358, -0.023710669949650764, -0.024723153561353683, -0.023344537243247032, -0.02024873159825802, -0.015950404107570648, -0.00527816591784358, -0.002550779841840267, 0.0008118650293909013, 0.004318941850215197, 0.00455356203019619, 0.009653669781982899, 0.011675161309540272, 0.01674181967973709, 0.01640726625919342, 0.01900210604071617, 0.019261285662651062, 0.01849442906677723, 0.01774761639535427, 0.016783814877271652, 0.012492585927248001, 0.007561808917671442, 0.006807164754718542, 0.003419819986447692, -0.0006087490473873913, -0.0015177540481090546, -0.004662626888602972, -0.005595892667770386, -0.006742754019796848, -0.008459284901618958, -0.010111618787050247, -0.01283123716711998, -0.011406409554183483, -0.010523648001253605, -0.009465702809393406, -0.011848608031868935, -0.012638288550078869, -0.011163805611431599, -0.014625588431954384, -0.012501763179898262, -0.009741249494254589, -0.007040950004011393, -0.004019963089376688, -0.0012055500410497189, -8.920000254875049e-05, -0.006408492103219032, -0.007438435219228268, -0.006950769107788801, -0.0027789592277258635, -0.0015796300722286105, 0.0006433750386349857, 0.0020046241115778685, 0.003039063885807991, 0.004754429217427969, 0.007306904066354036, 0.00819137878715992, 0.010028224438428879, 0.012705539353191853, 0.014238416217267513, 0.015737194567918777, 0.016126854345202446, 0.01376590970903635, 0.011712794192135334, 0.01052036602050066, 0.011493530124425888, 0.009934094734489918, 0.006883458700031042, 0.007260362152010202, 0.006087820045650005, 0.006718917284160852, 0.01260770671069622, 0.011904860846698284, 0.015469915233552456, 0.014628015458583832, 0.012576245702803135, 0.015162697061896324, 0.01529785431921482, 0.012819170020520687, 0.006859064567834139, 0.00213770498521626, 0.0012849420309066772, -6.38999990769662e-05, -0.0007865149527788162, 0.0010326789924874902, 0.004075764212757349, 0.0046453289687633514, 0.005873393267393112, 0.006316790822893381, 0.005585891660302877, 0.007699200883507729, 0.004263170994818211, 0.0046916562132537365, 0.005442059598863125, 0.005407592281699181, 0.006441308651119471, 0.008403614163398743, 0.007508985232561827, 0.007095524109899998, -0.0026530050672590733, -0.006361830048263073, -0.004150513093918562, -0.0040583829395473, -0.007196588907390833, -0.005774422083050013, -0.008645452558994293, -0.00964231789112091, -0.011774926446378231, -0.009394431486725807, -0.007292841095477343, -0.003714241087436676, -0.0021032460499554873, 4.1087110730586573e-05, 0.003430522046983242, 0.0072410800494253635, 0.010610168799757957]
Forecast: [0.015408803708851337, 0.020220018923282623, 0.02554452046751976, 0.030575815588235855, 0.03496650606393814, 0.03881623223423958, 0.04134583845734596, 0.042538706213235855, 0.04210769385099411, 0.04045434296131134, 0.0379812978208065, 0.034682247787714005]
95% Confidence: [0.00036609533708542585, 0.0005639244336634874, 0.0009027821361087263, 0.0014679679879918694, 0.0018902826122939587, 0.002406209707260132, 0.0032482219394296408, 0.0040850150398910046, 0.004966625012457371, 0.005644818767905235, 0.006295846309512854, 0.007100632414221764]
Variance: [9.025146141539153e-07, 2.141448703696369e-06, 5.488223905558698e-06, 1.4511058907373808e-05, 2.4061313524725847e-05, 3.8988171581877396e-05, 7.10488748154603e-05, 0.00011237071885261685, 0.0001661072892602533, 0.0002145684411516413, 0.00026691571110859513, 0.00033951576915569603]
>>>>>>> Stashed changes
