<<<<<<< Updated upstream
Data: [-0.0017245931085199118, -0.0017245931085199118, -0.0017245931085199118, -0.0010002589551731944, -0.004894191864877939, -0.005423290189355612, -0.005705319344997406, -0.008222360163927078, -0.0065405359491705894, -0.000721563003025949, 0.0046025593765079975, 0.003385978052392602, 0.005939182359725237, 0.0065492624416947365, 0.0044633084908127785, 0.00472995825111866, 0.005710774101316929, 0.007694374304264784, 0.0088734682649374, 0.006205014418810606, 0.004202303942292929, 0.0025035152211785316, -0.0005676540313288569, -0.004014742095023394, -0.006494908127933741, -0.00896763801574707, -0.007262156344950199, -0.005648207385092974, -0.003149404190480709, -0.003871029010042548, -0.0005635280394926667, -0.0006723590195178986, -0.001232209033332765, -0.004280698951333761, -0.006687816232442856, -0.007231493480503559, -0.007884509861469269, -0.006665075197815895, -0.005332120228558779, -0.004635543096810579, -0.007068787235766649, -0.009013683535158634, -0.009319370612502098, -0.008691450580954552, -0.007231208495795727, -0.005235787481069565, -0.0006900489679537714, 0.0050391098484396935, 0.007904021069407463, 0.007572027388960123, 0.009590853936970234, 0.011914093978703022, 0.009541518986225128, 0.009603758342564106, 0.011601927690207958, 0.014728578738868237, 0.018367165699601173, 0.01862316019833088, 0.01373890321701765, 0.012495527043938637, 0.012939658015966415, 0.014430350624024868, 0.014544814825057983, 0.009765387512743473, 0.0030628119129687548, 0.00311485817655921, 0.0008862130343914032, -0.004026690032333136, -0.009781191125512123, -0.0122839929535985, -0.01171873603016138, -0.00831789243966341, -0.005898131988942623, -0.004994891118258238, -0.008754377253353596, -0.009583665058016777, -0.009385949932038784, -0.009604332968592644, -0.008304123766720295, -0.006806316319853067, -0.006053542252629995, -0.004783763084560633, -0.0035704700276255608, -0.005453811027109623, -0.006898530293256044, -0.008538281545042992, -0.0064247241243720055, -0.006459334399551153, -0.00608369754627347, -0.004130587913095951, -0.0010869101388379931, 0.0036926770117133856, 0.0049841091968119144, 0.006080146878957748, 0.008112337440252304, 0.008534327149391174, 0.008199561387300491, 0.008052606135606766, 0.007811079267412424, 0.008273578248918056, 0.008878404274582863, 0.012992598116397858, 0.011816456913948059, 0.011019454337656498, 0.013669801875948906, 0.011585613712668419, 0.008847164921462536, 0.005399857182055712, 0.004484846256673336, 0.0015263110399246216, 0.0030597650911659002, 0.0046779499389231205, 0.00436134310439229, 0.003889641026034951, 0.0010785750346258283, -0.0011525159934535623, -0.0035167320165783167, -0.0054136011749506, -0.010096139274537563, -0.014280508272349834, -0.017691288143396378, -0.01799454726278782, -0.0162681732326746, -0.013277155347168446, -0.013250592164695263, -0.011346643790602684, -0.009868058376014233, -0.005461655091494322, -0.0014885560376569629, 0.0017385920509696007, 0.005268941167742014, 0.007168987300246954, 0.008734355680644512, 0.010957333259284496, 0.012225892394781113, 0.015077305026352406, 0.016514113172888756, 0.020290803164243698, 0.020842812955379486, 0.02315068617463112, 0.023301109671592712, 0.028916290029883385, 0.030938265845179558, 0.02351163513958454, 0.013970907777547836, 0.005062920972704887, 0.003170544048771262, 0.0030376319773495197, 0.0015246111433953047, -0.00016547800623811781, -0.005421124864369631, -0.008636238053441048, -0.00725344056263566, -0.007181437220424414, -0.0056734527461230755, -0.00966738536953926, -0.010580303147435188, -0.008655657060444355, -0.007354972418397665, -0.006681616418063641, -0.0022176411002874374, -0.0011184350587427616, 0.0014788351254537702, 0.0030040242709219456, 0.0012751080794259906, -5.270000110613182e-05, 0.002716700080782175, 0.006241952069103718, 0.010649804957211018, 0.013317021541297436, 0.012922444380819798, 0.013905136846005917, 0.012454808689653873, 0.007083837408572435, 0.0029546611476689577, 0.0019285660237073898, 0.001701951026916504, 0.0006052409880794585, 0.0023561229463666677, 0.004726536106318235]
Forecast: [0.006922394968569279, 0.009534504264593124, 0.012439056299626827, 0.015695085749030113, 0.020245173946022987, 0.02657586894929409, 0.03455998748540878, 0.043494049459695816, 0.05341104790568352, 0.06338319182395935, 0.07296562194824219, 0.08075691759586334]
95% Confidence: [0.00010072542499983683, 0.00018045745673589408, 0.00035800266778096557, 0.0005740458727814257, 0.0009267033310607076, 0.001305777346715331, 0.0017941998085007071, 0.002345265820622444, 0.0028932057321071625, 0.0034541036002337933, 0.004036304075270891, 0.004129346460103989]
Variance: [6.829046469647437e-06, 2.1919544451520778e-05, 8.626894123153761e-05, 0.000221806883928366, 0.0005780472420156002, 0.0011476782383397222, 0.0021668232511729, 0.0037022519391030073, 0.005634307861328125, 0.008030685596168041, 0.010966036468744278, 0.011477424763143063]
=======
Data: [-0.0017245931085199118, -0.0017245931085199118, -0.0017245931085199118, -0.0010002589551731944, -0.004894191864877939, -0.005423290189355612, -0.005705319344997406, -0.008222360163927078, -0.0065405359491705894, -0.000721563003025949, 0.0046025593765079975, 0.003385978052392602, 0.005939182359725237, 0.0065492624416947365, 0.0044633084908127785, 0.00472995825111866, 0.005710774101316929, 0.007694374304264784, 0.0088734682649374, 0.006205014418810606, 0.004202303942292929, 0.0025035152211785316, -0.0005676540313288569, -0.004014742095023394, -0.006494908127933741, -0.00896763801574707, -0.007262156344950199, -0.005648207385092974, -0.003149404190480709, -0.003871029010042548, -0.0005635280394926667, -0.0006723590195178986, -0.001232209033332765, -0.004280698951333761, -0.006687816232442856, -0.007231493480503559, -0.007884509861469269, -0.006665075197815895, -0.005332120228558779, -0.004635543096810579, -0.007068787235766649, -0.009013683535158634, -0.009319370612502098, -0.008691450580954552, -0.007231208495795727, -0.005235787481069565, -0.0006900489679537714, 0.0050391098484396935, 0.007904021069407463, 0.007572027388960123, 0.009590853936970234, 0.011914093978703022, 0.009541518986225128, 0.009603758342564106, 0.011601927690207958, 0.014728578738868237, 0.018367165699601173, 0.01862316019833088, 0.01373890321701765, 0.012495527043938637, 0.012939658015966415, 0.014430350624024868, 0.014544814825057983, 0.009765387512743473, 0.0030628119129687548, 0.00311485817655921, 0.0008862130343914032, -0.004026690032333136, -0.009781191125512123, -0.0122839929535985, -0.01171873603016138, -0.00831789243966341, -0.005898131988942623, -0.004994891118258238, -0.008754377253353596, -0.009583665058016777, -0.009385949932038784, -0.009604332968592644, -0.008304123766720295, -0.006806316319853067, -0.006053542252629995, -0.004783763084560633, -0.0035704700276255608, -0.005453811027109623, -0.006898530293256044, -0.008538281545042992, -0.0064247241243720055, -0.006459334399551153, -0.00608369754627347, -0.004130587913095951, -0.0010869101388379931, 0.0036926770117133856, 0.0049841091968119144, 0.006080146878957748, 0.008112337440252304, 0.008534327149391174, 0.008199561387300491, 0.008052606135606766, 0.007811079267412424, 0.008273578248918056, 0.008878404274582863, 0.012992598116397858, 0.011816456913948059, 0.011019454337656498, 0.013669801875948906, 0.011585613712668419, 0.008847164921462536, 0.005399857182055712, 0.004484846256673336, 0.0015263110399246216, 0.0030597650911659002, 0.0046779499389231205, 0.00436134310439229, 0.003889641026034951, 0.0010785750346258283, -0.0011525159934535623, -0.0035167320165783167, -0.0054136011749506, -0.010096139274537563, -0.014280508272349834, -0.017691288143396378, -0.01799454726278782, -0.0162681732326746, -0.013277155347168446, -0.013250592164695263, -0.011346643790602684, -0.009868058376014233, -0.005461655091494322, -0.0014885560376569629, 0.0017385920509696007, 0.005268941167742014, 0.007168987300246954, 0.008734355680644512, 0.010957333259284496, 0.012225892394781113, 0.015077305026352406, 0.016514113172888756, 0.020290803164243698, 0.020842812955379486, 0.02315068617463112, 0.023301109671592712, 0.028916290029883385, 0.030938265845179558, 0.02351163513958454, 0.013970907777547836, 0.005062920972704887, 0.003170544048771262, 0.0030376319773495197, 0.0015246111433953047, -0.00016547800623811781, -0.005421124864369631, -0.008636238053441048, -0.00725344056263566, -0.007181437220424414, -0.0056734527461230755, -0.00966738536953926, -0.010580303147435188, -0.008655657060444355, -0.007354972418397665, -0.006681616418063641, -0.0022176411002874374, -0.0011184350587427616, 0.0014788351254537702, 0.0030040242709219456, 0.0012751080794259906, -5.270000110613182e-05, 0.002716700080782175, 0.006241952069103718, 0.010649804957211018, 0.013317021541297436, 0.012922444380819798, 0.013905136846005917, 0.012454808689653873, 0.007083837408572435, 0.0029546611476689577, 0.0019285660237073898, 0.001701951026916504, 0.0006052409880794585, 0.0023561229463666677, 0.004726536106318235]
Forecast: [0.006108381319791079, 0.00752253457903862, 0.008133051916956902, 0.008782678283751011, 0.010274630039930344, 0.012838245369493961, 0.01643260568380356, 0.021243760362267494, 0.02713094837963581, 0.03376908600330353, 0.04014374315738678, 0.04620147868990898]
95% Confidence: [0.00042513618245720863, 0.0006756105576641858, 0.001128131290897727, 0.0016067720716819167, 0.0020522132981568575, 0.0023219548165798187, 0.002351854695007205, 0.0023340953048318624, 0.0020851583685725927, 0.0018714821198955178, 0.0024916057009249926, 0.0032667298801243305]
Variance: [1.5207155001917272e-06, 3.8404732549679466e-06, 1.070806865755003e-05, 2.1722031306126155e-05, 3.543536877259612e-05, 4.5362750825006515e-05, 4.653855285141617e-05, 4.583836198435165e-05, 3.6582216125680134e-05, 2.9468854336300865e-05, 5.223366679274477e-05, 8.978800906334072e-05]
>>>>>>> Stashed changes
