<<<<<<< Updated upstream
Data: [0.006236102432012558, 0.006236102432012558, 0.0072549073956906796, 0.004676731303334236, 0.003221937920898199, 0.0018839590484276414, -0.0008815910550765693, -0.0012346100993454456, -0.0008977700490504503, 0.0014239010633900762, -0.002355071948841214, -0.0025484981015324593, -0.0023393400479108095, -0.0027143231127411127, -0.0033424408175051212, -0.0027509250212460756, -0.0029070600867271423, -0.003442212240770459, -0.005135402083396912, -0.005199471954256296, -0.00362230627797544, -0.0049287122674286366, -0.00792788341641426, -0.008251050487160683, -0.009303485043346882, -0.007404243107885122, -0.006034858990460634, -0.0022920561023056507, -0.00299381697550416, -0.00022922999050933868, -0.0008424670086242259, -0.0010036700405180454, -0.003528822911903262, -0.004390554968267679, -0.005880014039576054, -0.006706901825964451, -0.0067950463853776455, -0.005893359892070293, -0.005095270462334156, -0.00702570378780365, -0.008540783077478409, -0.00903908908367157, -0.008115001954138279, -0.007993710227310658, -0.008242021314799786, -0.00578159699216485, -0.0026297401636838913, -0.003169747069478035, -0.006846259348094463, -0.006898961961269379, -0.007284543011337519, -0.008220677264034748, -0.006118932273238897, -0.0036560790613293648, -0.0012825940502807498, 0.0017640700098127127, 0.002655239077284932, 0.0007298869895748794, -0.0004167350416537374, 0.0008483849815092981, 0.0016232701018452644, 0.004704841412603855, 0.004806397017091513, 0.002731903223320842, 0.003947350196540356, 0.003267431864514947, -0.0010116909397765994, -0.004260666202753782, -0.0066228643991053104, -0.006648882757872343, -0.005888484418392181, -0.005621281452476978, -0.004996270406991243, -0.007255884353071451, -0.007683080155402422, -0.006581684108823538, -0.00626013521105051, -0.0033037192188203335, 0.00018871099746320397, 0.00236664991825819, 0.0048712980933487415, 0.0035369291435927153, 0.0006785060395486653, -0.0012438120320439339, -0.0007545140106230974, 0.0015940980520099401, 0.0005176110425963998, 2.7459826014819555e-05, -0.002670742105692625, -0.0031101913191378117, -4.7500001528533176e-05, -0.0008819560753181577, -0.0011254301061853766, -0.0007194459903985262, -0.0023448970168828964, -0.0030862241983413696, -0.0012270830338820815, -0.0008864990086294711, -8.679999882588163e-05, 0.0012607390526682138, 0.005188746843487024, 0.005587325431406498, 0.006331214681267738, 0.007939846254885197, 0.0065851034596562386, 0.0054856231436133385, 0.0033294649329036474, 0.004204704891890287, 0.003017636016011238, 0.003950146492570639, 0.001510429079644382, -0.0011355429887771606, -0.0009841989958658814, -0.0004755769914481789, -0.0010251880157738924, -0.0007826810469850898, -0.0012213230365887284, -0.004602132365107536, -0.006361107807606459, -0.006763576064258814, -0.006155547220259905, -0.004950111266225576, -0.0038166209124028683, -0.0037588062696158886, -0.0010910690762102604, -0.0009233240270987153, 0.000644704035948962, 0.0028099140617996454, 0.004534756299108267, 0.00595365883782506, 0.005427096970379353, 0.004754348192363977, 0.0066506098955869675, 0.007141164969652891, 0.007952705956995487, 0.007914253510534763, 0.008599132299423218, 0.008486605249345303, 0.007918039336800575, 0.008650068193674088, 0.011440162546932697, 0.012150468304753304, 0.008294641971588135, 0.003099085995927453, -0.0010739200515672565, -0.0010986460838466883, 0.0005059250397607684, 0.002573750913143158, 0.0024240370839834213, -0.0009353670757263899, -0.0014845561236143112, -0.0008652510005049407, -0.002053277101367712, -0.002289094962179661, -0.0040927161462605, -0.0035567842423915863, -0.002131382003426552, -0.0020291509572416544, -0.0014998200349509716, 0.0007980390219017863, 0.0013533839955925941, 0.001280469004996121, 0.0021847139578312635, 0.0005574729875661433, -0.0005424859700724483, 3.534388088155538e-05, 0.00024615300935693085, 0.002699759090319276, 0.0036116912961006165, 0.00386993121355772, 0.00656738318502903, 0.00774302938953042, 0.005119143053889275, 0.003916900139302015, 0.004573186859488487, 0.004917433951050043, 0.0051889740861952305, 0.0068215117789804935, 0.00886867381632328, 0.010754023678600788]
Forecast: [0.013985936529934406, 0.0176051277667284, 0.02221866510808468, 0.027516718953847885, 0.034247007220983505, 0.04172426089644432, 0.04975161701440811, 0.05792912468314171, 0.0656312108039856, 0.07294933497905731, 0.07886610925197601, 0.08405354619026184]
95% Confidence: [4.601007458404638e-05, 8.765554230194539e-05, 0.00014458225632552058, 0.0002818596549332142, 0.00041531166061758995, 0.0006636035395786166, 0.0009421046124771237, 0.001322439406067133, 0.0018484964966773987, 0.002410963410511613, 0.0029531707987189293, 0.0035687070339918137]
Variance: [3.6281962820794433e-06, 1.3168721125111915e-05, 3.5827357351081446e-05, 0.00013616033538710326, 0.0002956194512080401, 0.0007547485292889178, 0.0015211886493489146, 0.0029973427299410105, 0.005856283474713564, 0.009962448850274086, 0.014947271905839443, 0.021827630698680878]
=======
Data: [0.006236102432012558, 0.006236102432012558, 0.0072549073956906796, 0.004676731303334236, 0.003221937920898199, 0.0018839590484276414, -0.0008815910550765693, -0.0012346100993454456, -0.0008977700490504503, 0.0014239010633900762, -0.002355071948841214, -0.0025484981015324593, -0.0023393400479108095, -0.0027143231127411127, -0.0033424408175051212, -0.0027509250212460756, -0.0029070600867271423, -0.003442212240770459, -0.005135402083396912, -0.005199471954256296, -0.00362230627797544, -0.0049287122674286366, -0.00792788341641426, -0.008251050487160683, -0.009303485043346882, -0.007404243107885122, -0.006034858990460634, -0.0022920561023056507, -0.00299381697550416, -0.00022922999050933868, -0.0008424670086242259, -0.0010036700405180454, -0.003528822911903262, -0.004390554968267679, -0.005880014039576054, -0.006706901825964451, -0.0067950463853776455, -0.005893359892070293, -0.005095270462334156, -0.00702570378780365, -0.008540783077478409, -0.00903908908367157, -0.008115001954138279, -0.007993710227310658, -0.008242021314799786, -0.00578159699216485, -0.0026297401636838913, -0.003169747069478035, -0.006846259348094463, -0.006898961961269379, -0.007284543011337519, -0.008220677264034748, -0.006118932273238897, -0.0036560790613293648, -0.0012825940502807498, 0.0017640700098127127, 0.002655239077284932, 0.0007298869895748794, -0.0004167350416537374, 0.0008483849815092981, 0.0016232701018452644, 0.004704841412603855, 0.004806397017091513, 0.002731903223320842, 0.003947350196540356, 0.003267431864514947, -0.0010116909397765994, -0.004260666202753782, -0.0066228643991053104, -0.006648882757872343, -0.005888484418392181, -0.005621281452476978, -0.004996270406991243, -0.007255884353071451, -0.007683080155402422, -0.006581684108823538, -0.00626013521105051, -0.0033037192188203335, 0.00018871099746320397, 0.00236664991825819, 0.0048712980933487415, 0.0035369291435927153, 0.0006785060395486653, -0.0012438120320439339, -0.0007545140106230974, 0.0015940980520099401, 0.0005176110425963998, 2.7459826014819555e-05, -0.002670742105692625, -0.0031101913191378117, -4.7500001528533176e-05, -0.0008819560753181577, -0.0011254301061853766, -0.0007194459903985262, -0.0023448970168828964, -0.0030862241983413696, -0.0012270830338820815, -0.0008864990086294711, -8.679999882588163e-05, 0.0012607390526682138, 0.005188746843487024, 0.005587325431406498, 0.006331214681267738, 0.007939846254885197, 0.0065851034596562386, 0.0054856231436133385, 0.0033294649329036474, 0.004204704891890287, 0.003017636016011238, 0.003950146492570639, 0.001510429079644382, -0.0011355429887771606, -0.0009841989958658814, -0.0004755769914481789, -0.0010251880157738924, -0.0007826810469850898, -0.0012213230365887284, -0.004602132365107536, -0.006361107807606459, -0.006763576064258814, -0.006155547220259905, -0.004950111266225576, -0.0038166209124028683, -0.0037588062696158886, -0.0010910690762102604, -0.0009233240270987153, 0.000644704035948962, 0.0028099140617996454, 0.004534756299108267, 0.00595365883782506, 0.005427096970379353, 0.004754348192363977, 0.0066506098955869675, 0.007141164969652891, 0.007952705956995487, 0.007914253510534763, 0.008599132299423218, 0.008486605249345303, 0.007918039336800575, 0.008650068193674088, 0.011440162546932697, 0.012150468304753304, 0.008294641971588135, 0.003099085995927453, -0.0010739200515672565, -0.0010986460838466883, 0.0005059250397607684, 0.002573750913143158, 0.0024240370839834213, -0.0009353670757263899, -0.0014845561236143112, -0.0008652510005049407, -0.002053277101367712, -0.002289094962179661, -0.0040927161462605, -0.0035567842423915863, -0.002131382003426552, -0.0020291509572416544, -0.0014998200349509716, 0.0007980390219017863, 0.0013533839955925941, 0.001280469004996121, 0.0021847139578312635, 0.0005574729875661433, -0.0005424859700724483, 3.534388088155538e-05, 0.00024615300935693085, 0.002699759090319276, 0.0036116912961006165, 0.00386993121355772, 0.00656738318502903, 0.00774302938953042, 0.005119143053889275, 0.003916900139302015, 0.004573186859488487, 0.004917433951050043, 0.0051889740861952305, 0.0068215117789804935, 0.00886867381632328, 0.010754023678600788]
Forecast: [0.013049476779997349, 0.015368534252047539, 0.017598330974578857, 0.019801655784249306, 0.021905912086367607, 0.02359704114496708, 0.02504909597337246, 0.026148585602641106, 0.026909876614809036, 0.027096359059214592, 0.02689185179769993, 0.026072481647133827]
95% Confidence: [0.00020775364828296006, 0.0003593957226257771, 0.000667407875880599, 0.0010813314002007246, 0.0014197361888363957, 0.0021426344756036997, 0.002688299398869276, 0.0033465896267443895, 0.004024994093924761, 0.004671808797866106, 0.005135953426361084, 0.005506311077624559]
Variance: [9.24681273772876e-07, 2.7672008400259074e-06, 9.542836778564379e-06, 2.5050268959603272e-05, 4.318272840464488e-05, 9.835376113187522e-05, 0.000154828216182068, 0.00023993839567992836, 0.0003470765659585595, 0.00046758970711380243, 0.0005651151877827942, 0.0006495555280707777]
>>>>>>> Stashed changes
