<<<<<<< Updated upstream
Data: [-48123.0, -41383.0, -38393.76953125, -35669.5, -34083.32421875, -33345.421875, -32681.849609375, -32353.9375, -32235.009765625, -32729.396484375, -33811.359375, -35456.27734375, -37442.09375, -38654.86328125, -40776.0859375, -42576.45703125, -44099.0859375, -45218.203125, -46087.54296875, -46970.62109375, -46996.5, -47121.19921875, -47566.25390625, -46730.0390625, -46159.6875, -45578.60546875, -44048.69140625, -42922.21875, -42193.16015625, -40576.48828125, -39187.87109375, -37887.0859375, -37107.28125, -36017.5859375, -34745.625, -33532.8671875, -32938.09375, -32886.8203125, -33424.375, -34296.98828125, -34824.68359375, -35353.71875, -35941.2890625, -36299.91015625, -37257.53125, -38173.1796875, -38920.40625, -40013.43359375, -40565.41015625, -40366.1171875, -41920.625, -42367.546875, -42520.41015625, -43047.42578125, -43232.01171875, -43813.8359375, -44015.88671875, -44026.6484375, -43886.86328125, -43729.7421875, -43381.86328125, -43392.69140625, -42554.1875, -41789.05078125, -41116.11328125, -40797.2578125, -40305.5, -39879.6328125, -39095.8828125, -38529.37890625, -38714.62890625, -38657.19140625, -39010.46484375, -38974.54296875, -39140.6015625, -39752.9453125, -40406.8125, -40919.86328125, -41597.12890625, -41954.1875, -42284.90234375, -42724.94140625, -43464.6171875, -44329.63671875, -45233.8515625, -46324.15625, -46701.12109375, -47307.734375, -47216.41015625, -47394.86328125, -48083.62109375, -48714.12890625, -49421.91015625, -50332.55859375, -50814.75390625, -51959.59375, -52273.515625, -52293.44140625, -52245.58984375, -52289.7265625, -52419.96484375, -52191.26953125, -51846.08984375, -51464.32421875, -50481.203125, -49011.61328125, -47130.30859375, -45817.6953125, -44560.9765625, -42927.92578125, -41685.8671875, -41825.47265625, -42526.90625, -42873.8203125, -44638.390625, -47038.73828125, -49013.8515625, -51567.21484375, -54570.99609375, -57253.01171875, -59923.81640625, -62779.1171875, -65438.0625, -67767.125, -69870.03125, -72342.953125, -74271.5703125, -76298.7109375, -78280.796875, -78830.9296875, -80686.078125, -82293.5703125, -84215.578125, -86068.0546875, -89606.4921875, -90937.2265625, -91799.390625, -91977.6953125, -90291.8203125, -87930.8515625, -85283.6875, -83285.1171875, -79674.2890625, -76922.2421875, -74029.6328125, -71321.6640625, -67440.9453125, -65310.6640625, -62878.91796875, -60693.7734375, -58678.6875, -56420.3125, -54522.109375, -53554.56640625, -53124.02734375, -52942.96484375, -53522.92578125, -54367.53515625, -55468.13671875, -57672.33203125, -60294.22265625, -63005.453125, -66389.265625, -68836.9453125, -72448.0859375, -75027.3671875, -78040.6640625, -83039.4453125, -92096.5, -100240.9921875, -110270.4765625, -110221.6171875, -110050.3515625, -107053.5625, -104998.203125, -99790.3125, -92804.40625, -82716.0390625, -75621.6796875, -68672.859375]
Forecast: [-61145.00390625, -51470.81640625, -38110.66796875, -22922.197265625, -8741.4326171875, 4084.472900390625, 14911.7666015625, 22223.595703125, 25259.947265625, 24940.572265625, 22944.056640625, 18385.197265625]
95% Confidence: [179.6566925048828, 318.5569763183594, 561.7510986328125, 823.6533813476562, 1065.566650390625, 1269.1649169921875, 1615.0474853515625, 1892.493408203125, 2279.0908203125, 2549.237548828125, 2946.934814453125, 3209.8515625]
Variance: [6.09544563293457, 19.164295196533203, 59.59453582763672, 128.1172332763672, 214.42718505859375, 304.19677734375, 492.59405517578125, 676.3745727539062, 980.9385986328125, 1227.2674560546875, 1640.0595703125, 1945.756591796875]
=======
Data: [-48123.0, -41383.0, -38393.76953125, -35669.5, -34083.32421875, -33345.421875, -32681.849609375, -32353.9375, -32235.009765625, -32729.396484375, -33811.359375, -35456.27734375, -37442.09375, -38654.86328125, -40776.0859375, -42576.45703125, -44099.0859375, -45218.203125, -46087.54296875, -46970.62109375, -46996.5, -47121.19921875, -47566.25390625, -46730.0390625, -46159.6875, -45578.60546875, -44048.69140625, -42922.21875, -42193.16015625, -40576.48828125, -39187.87109375, -37887.0859375, -37107.28125, -36017.5859375, -34745.625, -33532.8671875, -32938.09375, -32886.8203125, -33424.375, -34296.98828125, -34824.68359375, -35353.71875, -35941.2890625, -36299.91015625, -37257.53125, -38173.1796875, -38920.40625, -40013.43359375, -40565.41015625, -40366.1171875, -41920.625, -42367.546875, -42520.41015625, -43047.42578125, -43232.01171875, -43813.8359375, -44015.88671875, -44026.6484375, -43886.86328125, -43729.7421875, -43381.86328125, -43392.69140625, -42554.1875, -41789.05078125, -41116.11328125, -40797.2578125, -40305.5, -39879.6328125, -39095.8828125, -38529.37890625, -38714.62890625, -38657.19140625, -39010.46484375, -38974.54296875, -39140.6015625, -39752.9453125, -40406.8125, -40919.86328125, -41597.12890625, -41954.1875, -42284.90234375, -42724.94140625, -43464.6171875, -44329.63671875, -45233.8515625, -46324.15625, -46701.12109375, -47307.734375, -47216.41015625, -47394.86328125, -48083.62109375, -48714.12890625, -49421.91015625, -50332.55859375, -50814.75390625, -51959.59375, -52273.515625, -52293.44140625, -52245.58984375, -52289.7265625, -52419.96484375, -52191.26953125, -51846.08984375, -51464.32421875, -50481.203125, -49011.61328125, -47130.30859375, -45817.6953125, -44560.9765625, -42927.92578125, -41685.8671875, -41825.47265625, -42526.90625, -42873.8203125, -44638.390625, -47038.73828125, -49013.8515625, -51567.21484375, -54570.99609375, -57253.01171875, -59923.81640625, -62779.1171875, -65438.0625, -67767.125, -69870.03125, -72342.953125, -74271.5703125, -76298.7109375, -78280.796875, -78830.9296875, -80686.078125, -82293.5703125, -84215.578125, -86068.0546875, -89606.4921875, -90937.2265625, -91799.390625, -91977.6953125, -90291.8203125, -87930.8515625, -85283.6875, -83285.1171875, -79674.2890625, -76922.2421875, -74029.6328125, -71321.6640625, -67440.9453125, -65310.6640625, -62878.91796875, -60693.7734375, -58678.6875, -56420.3125, -54522.109375, -53554.56640625, -53124.02734375, -52942.96484375, -53522.92578125, -54367.53515625, -55468.13671875, -57672.33203125, -60294.22265625, -63005.453125, -66389.265625, -68836.9453125, -72448.0859375, -75027.3671875, -78040.6640625, -83039.4453125, -92096.5, -100240.9921875, -110270.4765625, -110221.6171875, -110050.3515625, -107053.5625, -104998.203125, -99790.3125, -92804.40625, -82716.0390625, -75621.6796875, -68672.859375]
Forecast: [-53909.7109375, -39246.6953125, -20302.392578125, -527.4146118164062, 20513.833984375, 39411.51171875, 54321.94921875, 65424.49609375, 70846.109375, 71585.5390625, 67381.4453125, 59704.94140625]
95% Confidence: [1495.531005859375, 2382.703369140625, 4662.38671875, 6981.91845703125, 9911.380859375, 13594.318359375, 16637.083984375, 22118.3046875, 25913.103515625, 31089.154296875, 34329.87890625, 37632.30859375]
Variance: [5.2798237800598145, 13.40196704864502, 51.315093994140625, 115.07425689697266, 231.89793395996094, 436.2580871582031, 653.4058227539062, 1154.8677978515625, 1585.139404296875, 2281.63623046875, 2782.1025390625, 3343.107177734375]
>>>>>>> Stashed changes
